s = 0.5
N = 10
J = 1
h = 0

Argsort = [ 2  1  4  3  6  7  8  5  9 10 14 15 16 13 12 11]
1. -0.4258035207282882
2. -0.4343838975667457
3. -0.446375637467286
